9, 1, 1, 1, 1, 1, 1, 1, 1, 1, 1, 1, 1, 1, 1, 3,
 8, 0, 0, 0, 0, 0, 0, 0, 0, 0, 0, 0, 0, 0, 0, 2,
 8, 0, 0, 0, 0, 0, 0, 0, 0, 0, 0, 0, 0, 0, 0, 2,
 8, 0, 0, 0, 0, 0, 0, 0, 0, 0, 0, 0, 0, 0, 0, 2,
 8, 0, 0, 0, 0, 0, 0, 0, 0, 0, 0, 0, 0, 0, 0, 2,
 8, 0, 0, 0, 0, 0, 0, 0, 0, 0, 0, 0, 0, 0, 0, 2,
 8, 0, 0, 0, 0, 0, 0, 4, 4, 0, 0, 0, 0, 0, 0, 2,
 8, 0, 0, 0, 0, 0, 3, 9, 3, 8, 0, 0, 0, 0, 0, 2,
 8, 0, 0, 0, 0, 0, 3, 12, 7, 8, 0, 0, 0, 0, 0, 2,
 8, 0, 0, 0, 0, 0, 0, 1, 1, 0, 0, 0, 0, 0, 0, 2,
 8, 0, 0, 0, 0, 0, 0, 0,  0, 0, 0, 0, 0, 0, 0, 2,
 8, 0, 0, 0, 0, 0, 0, 0, 0, 0, 0, 0, 0, 0, 0, 2,
 8, 0, 0, 0, 0, 0, 0, 0, 0, 0, 0, 0, 0, 0, 0, 2,
 8, 0, 0, 0, 0, 0, 0, 0,  0, 0, 0, 0, 0, 0, 0, 2,
 8, 0, 0, 0, 0, 0, 0, 0, 0, 0, 0, 0, 0, 0, 0, 2,
 12, 4, 4, 4, 4, 4, 4, 4, 4, 4, 4, 4, 4, 4, 4, 6